vars-standalone/src/main/assembly/files/scripts/groovy/gov/noaa/olympiccoast/Ctd_sample_R1162.txt
* Sea-Bird SBE19 Data File:
* FileName = C:\Ropos2008\R1162_DL01.hex
* Software Version 1.50
* Temperature SN = 2997
* Conductivity SN = 2997
* System UpLoad Time = Jul 13 2008 00:57:11
** JP Tully
**
# nquan = 7
# nvalues = 10194                                 
# units = specified
# name 0 = depSM: Depth [salt water, m]
# name 1 = t090C: Temperature [ITS-90, deg C]
# name 2 = sal00: Salinity, Practical [PSU]
# name 3 = sbeox0Mg/L: Oxygen, SBE 43 [mg/l]
# name 4 = sigma-é00: Density [sigma-theta, Kg/m^3]
# name 5 = timeJ: Julian Days
# name 6 = flag:  0.000e+00
# span 0 =     -3.686,    357.597                 
# span 1 =     5.9044,    13.5156                 
# span 2 =     0.4008,    34.5894                 
# span 3 =   -9.08509,   13.80985                 
# span 4 =    -0.3202,    27.2413                 
# span 5 = 194.336296, 195.044144                 
# span 6 = 0.0000e+00, 0.0000e+00                 
# interval = seconds: 6
# start_time = Jul 12 2008 08:04:16
# bad_flag = -9.990e-29
*END*
[from data line 4513]
    335.735     6.0931    34.0668    1.55046    26.8072 194.649699  0.000e+00
    336.268     6.0810    34.0596    1.54271    26.8030 194.649769  0.000e+00
    336.268     6.0607    34.1456    1.54575    26.8735 194.649838  0.000e+00
    337.601     6.0455    34.2279    1.54571    26.9405 194.649907  0.000e+00
    337.601     6.0831    34.0521    1.54620    26.7969 194.649977  0.000e+00
    337.601     6.0780    34.0701    1.54619    26.8117 194.650046  0.000e+00
    337.601     6.0801    34.0715    1.55447    26.8125 194.650116  0.000e+00
    337.601     6.0801    34.0617    1.54299    26.8048 194.650185  0.000e+00
    337.601     6.0842    34.0630    1.55441    26.8053 194.650255  0.000e+00
    337.601     6.0832    34.0637    1.53450    26.8060 194.650324  0.000e+00
    337.601     6.0893    34.0648    1.54906    26.8061 194.650394  0.000e+00
    337.601     6.0914    34.0511    1.55428    26.7950 194.650463  0.000e+00
    337.601     6.0924    34.0516    1.55102    26.7953 194.650532  0.000e+00
    337.601     6.0874    34.0865    1.55084    26.8235 194.650602  0.000e+00
    337.601     6.0905    34.0869    1.54237    26.8234 194.650671  0.000e+00
    337.601     6.0874    34.0444    1.53777    26.7902 194.650741  0.000e+00
    337.601     6.0895    34.0647    1.54070    26.8060 194.650810  0.000e+00
    337.601     6.0895    34.0530    1.54918    26.7968 194.650880  0.000e+00
    337.601     6.0845    34.0503    1.54617    26.7952 194.650949  0.000e+00
    337.601     6.0855    34.0753    1.53752    26.8148 194.651019  0.000e+00
    337.601     6.0896    34.0596    1.54911    26.8019 194.651088  0.000e+00
    337.601     6.0886    34.0678    1.55421    26.8085 194.651157  0.000e+00
    337.601     6.0917    34.0625    1.54258    26.8040 194.651227  0.000e+00
    337.601     6.0917    34.0509    1.55427    26.7948 194.651296  0.000e+00
    337.601     6.0907    34.0591    1.55101    26.8014 194.651366  0.000e+00
    337.334     6.0969    34.0528    1.55081    26.7957 194.651435  0.000e+00
    337.601     6.0928    34.0640    1.54253    26.8050 194.651505  0.000e+00
    337.601     6.1040    34.0543    1.54545    26.7960 194.651574  0.000e+00
    337.601     6.0990    34.0704    1.54546    26.8093 194.651644  0.000e+00
    337.601     6.1020    34.0520    1.54554    26.7943 194.651713  0.000e+00
    337.601     6.1011    34.0526    1.54557    26.7950 194.651782  0.000e+00
    337.601     6.1041    34.0530    1.55382    26.7949 194.651852  0.000e+00
    337.601     6.1001    34.0492    1.55079    26.7924 194.651921  0.000e+00
    337.601     6.0971    34.0576    1.54245    26.7994 194.651991  0.000e+00
    337.601     6.1042    34.0596    1.55375    26.8001 194.652060  0.000e+00
    337.601     6.0971    34.0456    1.55093    26.7899 194.652130  0.000e+00
    337.601     6.1053    34.0485    1.55061    26.7912 194.652199  0.000e+00
    337.601     6.1104    34.0374    1.54219    26.7818 194.652269  0.000e+00
    337.601     6.0972    34.0522    1.54571    26.7951 194.652338  0.000e+00
    337.334     6.0993    33.9991    1.54613    26.7529 194.652407  0.000e+00
    337.601     6.0973    34.0609    1.55398    26.8020 194.652477  0.000e+00
    337.601     6.1125    34.0510    1.54198    26.7923 194.652546  0.000e+00
    337.601     6.1034    34.0391    1.54563    26.7840 194.652616  0.000e+00
    337.601     6.1045    34.0585    1.54540    26.7992 194.652685  0.000e+00
    337.601     6.1035    34.0573    1.53709    26.7983 194.652755  0.000e+00
    337.601     6.1126    34.0365    1.54019    26.7808 194.652824  0.000e+00
    337.601     6.1116    33.9789    1.54082    26.7354 194.652894  0.000e+00
    337.601     6.1137    34.0461    1.54841    26.7882 194.652963  0.000e+00
    337.601     6.1117    34.0365    1.54537    26.7809 194.653032  0.000e+00
    337.601     6.1067    34.0450    1.54546    26.7883 194.653102  0.000e+00
    337.601     6.0996    34.0631    1.54552    26.8035 194.653171  0.000e+00
    337.601     6.1057    34.0492    1.54545    26.7917 194.653241  0.000e+00
    337.601     6.0956    34.0515    1.54578    26.7947 194.653310  0.000e+00
    337.601     6.1027    34.0308    1.55410    26.7776 194.653380  0.000e+00
    337.601     6.1058    34.0595    1.54213    26.7998 194.653449  0.000e+00
    337.601     6.1048    34.0432    1.55390    26.7871 194.653519  0.000e+00
    337.601     6.1038    34.0533    1.54227    26.7952 194.653588  0.000e+00
    337.601     6.1119    34.0505    1.54522    26.7919 194.653657  0.000e+00
    337.601     6.1089    34.0476    1.53700    26.7900 194.653727  0.000e+00
    337.601     6.1079    34.0520    1.54856    26.7936 194.653796  0.000e+00
    337.601     6.1100    34.1212    1.53622    26.8480 194.653866  0.000e+00
    337.601     6.1019    34.0574    1.54036    26.7987 194.653935  0.000e+00
    337.601     6.0979    34.0461    1.54061    26.7902 194.654005  0.000e+00
    337.601     6.0939    34.0461    1.54076    26.7907 194.654074  0.000e+00
    337.601     6.0939    34.0476    1.54910    26.7919 194.654144  0.000e+00
    337.601     6.0929    34.0408    1.54599    26.7867 194.654213  0.000e+00
    337.601     6.0960    34.0506    1.54578    26.7940 194.654282  0.000e+00
    337.601     6.0788    34.1448    1.55378    26.8706 194.654352  0.000e+00
    337.601     6.0879    34.0543    1.55117    26.7979 194.654421  0.000e+00
    337.601     6.0940    34.0309    1.54284    26.7787 194.654491  0.000e+00
    337.601     6.0910    34.0487    1.55433    26.7931 194.654560  0.000e+00
    337.601     6.0951    34.0292    1.54282    26.7773 194.654630  0.000e+00
    337.601     6.0921    34.0376    1.54605    26.7842 194.654699  0.000e+00
    337.601     6.0911    34.0477    1.54598    26.7923 194.654769  0.000e+00
    337.601     6.0708    34.1073    1.54608    26.8420 194.654838  0.000e+00
    337.601     6.0952    34.0373    1.54595    26.7836 194.654907  0.000e+00
    337.601     6.0942    34.0437    1.54592    26.7888 194.654977  0.000e+00
    337.601     6.0963    34.0338    1.54595    26.7807 194.655046  0.000e+00
    337.601     6.0912    34.0404    1.55441    26.7866 194.655116  0.000e+00
    337.601     6.0902    34.0373    1.54291    26.7842 194.655185  0.000e+00
    337.601     6.0923    34.0406    1.54602    26.7866 194.655255  0.000e+00
    337.601     6.0883    34.0613    1.55430    26.8034 194.655324  0.000e+00
    337.601     6.0913    34.0410    1.54283    26.7870 194.655394  0.000e+00
    337.601     6.0904    34.0379    1.54611    26.7847 194.655463  0.000e+00
    337.601     6.0884    34.0358    1.54620    26.7833 194.655532  0.000e+00
    337.601     6.0945    34.0256    1.54609    26.7745 194.655602  0.000e+00
    337.601     6.0931    33.9930    1.55484    26.7488 194.655671  0.000e+00
    337.601     6.0914    34.0265    1.54298    26.7755 194.655741  0.000e+00
    337.601     6.0904    33.9278    1.54724    26.6977 194.655810  0.000e+00
    337.601     6.0985    34.0270    1.55430    26.7750 194.655880  0.000e+00
    337.601     6.0903    34.0407    1.55123    26.7869 194.655949  0.000e+00
    337.601     6.0872    34.0419    1.54297    26.7883 194.656019  0.000e+00
    337.601     6.0913    34.0341    1.53776    26.7816 194.656088  0.000e+00
    337.334     6.0902    34.0334    1.54933    26.7812 194.656157  0.000e+00
    337.601     6.0922    34.0332    1.53774    26.7807 194.656227  0.000e+00
    337.601     6.0881    34.0335    1.54945    26.7815 194.656296  0.000e+00
    337.601     6.1053    34.0200    1.54577    26.7687 194.656366  0.000e+00
    337.601     6.0891    34.0325    1.54622    26.7806 194.656435  0.000e+00
    337.601     6.0870    34.0327    1.54629    26.7810 194.656505  0.000e+00
    337.601     6.0880    34.0486    1.54609    26.7935 194.656574  0.000e+00
    337.334     6.0930    34.0399    1.54595    26.7860 194.656644  0.000e+00
    337.334     6.0930    34.0400    1.54595    26.7860 194.656713  0.000e+00
    337.334     6.0940    34.0239    1.54608    26.7732 194.656782  0.000e+00
    337.334     6.1041    34.0119    1.54585    26.7624 194.656852  0.000e+00
    337.868     6.0939    34.0331    1.54610    26.7805 194.656921  0.000e+00
    338.134     6.0929    34.0303    1.54622    26.7783 194.656991  0.000e+00
    337.601     6.0939    34.0352    1.54602    26.7821 194.657060  0.000e+00
    336.801     6.0999    34.0352    1.56236    26.7813 194.657130  0.000e+00
    336.535     6.1181    34.0415    1.56353    26.7840 194.657199  0.000e+00
    338.134     6.1110    34.0554    1.54405    26.7959 194.657269  0.000e+00
    339.734     6.0988    34.0066    1.55172    26.7589 194.657338  0.000e+00
    339.201     6.0633    34.0895    1.54364    26.8289 194.657407  0.000e+00
    338.934     6.0927    34.0338    1.55471    26.7812 194.657477  0.000e+00
    338.668     6.0825    33.9933    1.55222    26.7504 194.657546  0.000e+00
    339.467     6.0865    34.0867    1.55128    26.8238 194.657616  0.000e+00
    340.534     6.0936    34.0302    1.55183    26.7782 194.657685  0.000e+00
    340.801     6.0966    34.0364    1.56007    26.7828 194.657755  0.000e+00
    340.267     6.0966    34.0367    1.54839    26.7830 194.657824  0.000e+00
    338.934     6.0935    34.0348    1.55146    26.7819 194.657894  0.000e+00
    337.334     6.0995    34.0295    1.55098    26.7769 194.657963  0.000e+00
    336.268     6.1299    33.9846    1.55016    26.7376 194.658032  0.000e+00
    336.268     6.1025    34.0440    1.54216    26.7880 194.658102  0.000e+00
    336.801     6.0994    34.0393    1.56234    26.7846 194.658171  0.000e+00
    336.801     6.1004    34.0025    1.54791    26.7555 194.658241  0.000e+00
    336.801     6.0892    34.0363    1.53445    26.7836 194.658310  0.000e+00
    337.334     6.0831    34.0346    1.54957    26.7830 194.658380  0.000e+00
    337.068     6.0861    34.0543    1.54600    26.7982 194.658449  0.000e+00
    337.334     6.0902    34.0332    1.54612    26.7810 194.658519  0.000e+00
    337.868     6.0881    34.0293    1.54634    26.7782 194.658588  0.000e+00
    338.668     6.0840    34.0406    1.54653    26.7876 194.658657  0.000e+00
    338.934     6.0860    34.0591    1.54633    26.8020 194.658727  0.000e+00
    339.201     6.0850    34.0130    1.54689    26.7657 194.658796  0.000e+00
    339.734     6.0870    34.0371    1.54668    26.7845 194.658866  0.000e+00
    339.734     6.0900    34.0378    1.54657    26.7847 194.658935  0.000e+00
    339.734     6.0839    34.0326    1.54684    26.7814 194.659005  0.000e+00
    340.001     6.0859    34.0399    1.53838    26.7869 194.659074  0.000e+00
    340.534     6.0960    34.0333    1.54978    26.7804 194.659144  0.000e+00
    341.067     6.1142    33.9207    1.54719    26.6892 194.659213  0.000e+00
    341.600     6.0868    34.0118    1.54733    26.7646 194.659282  0.000e+00
    341.334     6.0908    34.0493    1.55511    26.7937 194.659352  0.000e+00
    341.600     6.0725    34.0562    1.53578    26.8014 194.659421  0.000e+00
    341.600     6.0897    34.0521    1.55003    26.7961 194.659491  0.000e+00
    341.600     6.0917    34.0388    1.55524    26.7853 194.659560  0.000e+00
    341.867     6.0907    34.0510    1.53526    26.7951 194.659630  0.000e+00
    341.600     6.0896    34.0296    1.55026    26.7783 194.659699  0.000e+00
    341.600     6.0835    34.0357    1.53883    26.7839 194.659769  0.000e+00
    341.600     6.0865    34.0459    1.55021    26.7915 194.659838  0.000e+00
    341.600     6.0905    34.0287    1.53866    26.7774 194.659907  0.000e+00
    341.600     6.0895    34.0372    1.55019    26.7843 194.659977  0.000e+00
    341.867     6.0905    34.0436    1.53856    26.7893 194.660046  0.000e+00
    341.600     6.0894    34.0335    1.54187    26.7814 194.660116  0.000e+00
    341.600     6.0914    34.0390    1.55011    26.7855 194.660185  0.000e+00
    341.600     6.0833    34.0566    1.53863    26.8004 194.660255  0.000e+00
    341.600     6.0883    34.0402    1.55020    26.7868 194.660324  0.000e+00
    341.600     6.0883    34.0422    1.54697    26.7884 194.660394  0.000e+00
    341.600     6.0893    34.0393    1.53860    26.7860 194.660463  0.000e+00
    341.334     6.1085    34.0390    1.54109    26.7833 194.660532  0.000e+00
    340.267     6.1014    34.0372    1.54115    26.7828 194.660602  0.000e+00
    338.934     6.0882    34.0360    1.54135    26.7835 194.660671  0.000e+00
    337.601     6.1044    34.0374    1.54886    26.7826 194.660741  0.000e+00
    338.134     6.0851    34.0452    1.53799    26.7911 194.660810  0.000e+00
    338.934     6.0931    34.0348    1.54119    26.7819 194.660880  0.000e+00
    339.467     6.0880    34.0396    1.54143    26.7864 194.660949  0.000e+00
    339.467     6.0880    34.0359    1.54147    26.7834 194.661019  0.000e+00
    340.267     6.0941    34.0370    1.54977    26.7835 194.661088  0.000e+00
    340.267     6.0940    34.0389    1.54653    26.7850 194.661157  0.000e+00
    339.734     6.0899    34.0319    1.56337    26.7800 194.661227  0.000e+00
    338.934     6.0879    34.0362    1.54008    26.7837 194.661296  0.000e+00
    339.467     6.0889    34.0444    1.54650    26.7900 194.661366  0.000e+00
    338.934     6.0888    34.0447    1.54639    26.7903 194.661435  0.000e+00
    338.134     6.0888    34.0395    1.54628    26.7861 194.661505  0.000e+00
    336.801     6.0888    34.0401    1.54601    26.7867 194.661574  0.000e+00
    336.801     6.0948    33.9569    1.54665    26.7201 194.661644  0.000e+00
    337.334     6.0826    34.0234    1.54650    26.7742 194.661713  0.000e+00
    337.068     6.0826    34.0462    1.54622    26.7922 194.661782  0.000e+00
    336.001     6.0846    34.0409    1.54599    26.7878 194.661852  0.000e+00
    335.735     6.0876    34.0644    1.53723    26.8060 194.661921  0.000e+00
    337.068     6.1453    34.0530    1.54716    26.7896 194.661991  0.000e+00
    337.601     6.0987    34.0580    1.54564    26.7995 194.662060  0.000e+00
    337.601     6.0875    34.0447    1.54617    26.7904 194.662130  0.000e+00
    337.068     6.0875    34.0412    1.54610    26.7877 194.662199  0.000e+00
    337.068     6.0844    34.0575    1.54604    26.8009 194.662269  0.000e+00
    336.535     6.1036    34.0310    1.54553    26.7775 194.662338  0.000e+00
    335.735     6.0975    34.0224    1.54567    26.7715 194.662407  0.000e+00
    335.735     6.1005    33.9648    1.54616    26.7257 194.662477  0.000e+00
    336.001     6.0833    33.9405    1.53870    26.7086 194.662546  0.000e+00
    336.001     6.0903    34.0238    1.54917    26.7735 194.662616  0.000e+00
    335.735     6.0903    34.0183    1.55432    26.7692 194.662685  0.000e+00
    335.468     6.0852    34.0424    1.54263    26.7889 194.662755  0.000e+00
    335.201     6.0852    34.0406    1.54581    26.7875 194.662824  0.000e+00
    335.735     6.0882    33.9997    1.55459    26.7548 194.662894  0.000e+00
    335.468     6.0841    33.9813    1.54330    26.7408 194.662963  0.000e+00
    335.468     6.1003    33.8654    1.55549    26.6472 194.663032  0.000e+00
    335.468     6.0637    34.0902    1.54289    26.8294 194.663102  0.000e+00
    334.935     6.0901    34.0170    1.54583    26.7682 194.663171  0.000e+00
    334.935     6.0870    34.0351    1.54575    26.7829 194.663241  0.000e+00
    334.935     6.0880    34.0341    1.55408    26.7820 194.663310  0.000e+00
    335.735     6.0829    34.0407    1.54278    26.7878 194.663380  0.000e+00
    335.201     6.0869    34.0125    1.54604    26.7650 194.663449  0.000e+00
    335.468     6.0869    34.0331    1.54588    26.7813 194.663519  0.000e+00
    335.735     6.0838    34.0530    1.54584    26.7974 194.663588  0.000e+00
    336.001     6.0838    34.0397    1.54603    26.7869 194.663657  0.000e+00
    336.268     6.0878    34.0317    1.54602    26.7801 194.663727  0.000e+00
    336.801     6.0938    34.0028    1.54622    26.7565 194.663796  0.000e+00
