vars-standalone/src/main/assembly/files/scripts/groovy/gov/noaa/olympiccoast/Ctd_sample_R1162.txt
* Sea-Bird SBE19 Data File:
* FileName = C:\Ropos2008\R1162_DL01.hex
* Software Version 1.50
* Temperature SN = 2997
* Conductivity SN = 2997
* System UpLoad Time = Jul 13 2008 00:57:11
** JP Tully
**
# nquan = 7
# nvalues = 10194                                 
# units = specified
# name 0 = depSM: Depth [salt water, m]
# name 1 = t090C: Temperature [ITS-90, deg C]
# name 2 = sal00: Salinity, Practical [PSU]
# name 3 = sbeox0Mg/L: Oxygen, SBE 43 [mg/l]
# name 4 = sigma-é00: Density [sigma-theta, Kg/m^3]
# name 5 = timeJ: Julian Days
# name 6 = flag:  0.000e+00
# span 0 =     -3.686,    357.597                 
# span 1 =     5.9044,    13.5156                 
# span 2 =     0.4008,    34.5894                 
# span 3 =   -9.08509,   13.80985                 
# span 4 =    -0.3202,    27.2413                 
# span 5 = 194.336296, 195.044144                 
# span 6 = 0.0000e+00, 0.0000e+00                 
# interval = seconds: 6
# start_time = Jul 12 2008 08:04:16
# bad_flag = -9.990e-29
*END*
[from data line 8206]
    313.603     5.9583    34.0693    1.41140    26.8258 194.906157  0.000e+00
    314.136     5.9585    34.0438    1.42010    26.8057 194.906227  0.000e+00
    314.136     5.9515    34.0370    1.41717    26.8012 194.906296  0.000e+00
    313.870     5.9435    34.0730    1.41704    26.8306 194.906366  0.000e+00
    314.670     5.9528    34.0401    1.40884    26.8034 194.906435  0.000e+00
    315.203     5.9316    34.0303    1.40455    26.7984 194.906505  0.000e+00
    315.203     5.9531    34.1084    1.40636    26.8574 194.906574  0.000e+00
    315.203     5.9675    34.0632    1.40632    26.8199 194.906644  0.000e+00
    315.203     5.9656    34.0079    1.41526    26.7764 194.906713  0.000e+00
    315.203     5.9708    34.0399    1.41158    26.8010 194.906782  0.000e+00
    315.203     5.9557    34.0602    1.40351    26.8190 194.906852  0.000e+00
    315.203     5.9569    34.0510    1.40678    26.8115 194.906921  0.000e+00
    315.203     5.9519    34.0592    1.40686    26.8186 194.906991  0.000e+00
    315.203     5.9480    34.1306    1.40632    26.8756 194.907060  0.000e+00
    315.203     5.9542    34.0274    1.40709    26.7932 194.907130  0.000e+00
    315.203     5.9422    34.0560    1.41557    26.8173 194.907199  0.000e+00
    315.203     5.9535    34.0177    1.41235    26.7856 194.907269  0.000e+00
    315.203     5.9069    34.1074    1.40463    26.8624 194.907338  0.000e+00
    315.203     5.9457    33.9999    1.40762    26.7726 194.907407  0.000e+00
    315.203     5.9611    33.9840    1.40728    26.7580 194.907477  0.000e+00
    315.203     5.9581    34.0411    1.40684    26.8036 194.907546  0.000e+00
    315.203     5.9552    34.0341    1.40700    26.7984 194.907616  0.000e+00
    315.203     5.9534    34.0165    1.39886    26.7847 194.907685  0.000e+00
    315.203     5.9531    34.0374    1.41026    26.8013 194.907755  0.000e+00
    315.470     5.9433    34.0638    1.40716    26.8234 194.907824  0.000e+00
    315.203     5.9524    34.0794    1.40667    26.8346 194.907894  0.000e+00
    315.203     5.9636    34.0419    1.39831    26.8035 194.907963  0.000e+00
    314.936     5.9686    33.9596    1.40208    26.7379 194.908032  0.000e+00
    315.203     5.9605    34.0452    1.40995    26.8065 194.908102  0.000e+00
    315.203     5.9523    34.0402    1.39868    26.8036 194.908171  0.000e+00
    315.203     5.9523    34.0271    1.41039    26.7932 194.908241  0.000e+00
    315.203     5.9492    34.0095    1.40743    26.7797 194.908310  0.000e+00
    315.203     5.9502    34.0293    1.40722    26.7953 194.908380  0.000e+00
    315.203     5.9329    34.0789    1.40731    26.8366 194.908449  0.000e+00
    315.203     5.9501    34.0409    1.40711    26.8044 194.908519  0.000e+00
    315.203     5.9552    34.0283    1.39871    26.7939 194.908588  0.000e+00
    315.203     5.9561    34.0218    1.40196    26.7885 194.908657  0.000e+00
    315.203     5.9652    33.9919    1.40194    26.7638 194.908727  0.000e+00
    314.670     5.9469    34.0314    1.41043    26.7973 194.908796  0.000e+00
    315.203     5.9510    34.0442    1.39870    26.8069 194.908866  0.000e+00
    315.203     5.9448    34.0410    1.40214    26.8051 194.908935  0.000e+00
    315.203     5.9479    34.0437    1.41039    26.8069 194.909005  0.000e+00
    315.203     5.9509    34.0370    1.39877    26.8012 194.909074  0.000e+00
    315.203     5.9498    34.0438    1.40196    26.8067 194.909144  0.000e+00
    315.203     5.9721    34.0649    1.40105    26.8206 194.909213  0.000e+00
    315.203     5.9579    34.0471    1.40167    26.8084 194.909282  0.000e+00
    314.936     5.9863    34.0510    1.40069    26.8078 194.909352  0.000e+00
    315.203     5.9659    33.9712    1.40212    26.7474 194.909421  0.000e+00
    315.203     5.9619    34.0207    1.40179    26.7870 194.909491  0.000e+00
    315.203     5.9506    34.0566    1.41018    26.8168 194.909560  0.000e+00
    315.203     5.9750    34.0417    1.39797    26.8019 194.909630  0.000e+00
    315.203     5.9638    34.0285    1.41003    26.7929 194.909699  0.000e+00
    315.203     5.9648    34.0200    1.40686    26.7861 194.909769  0.000e+00
    315.203     5.9708    34.0291    1.39822    26.7925 194.909838  0.000e+00
    314.670     5.9556    34.0032    1.41043    26.7739 194.909907  0.000e+00
    313.603     5.9535    34.0285    1.39849    26.7942 194.909977  0.000e+00
    314.670     5.9332    34.0617    1.40224    26.8230 194.910046  0.000e+00
    316.803     5.9494    34.0256    1.40245    26.7924 194.910116  0.000e+00
    316.803     5.9473    34.0353    1.39405    26.8003 194.910185  0.000e+00
    316.003     5.9442    34.0294    1.40565    26.7961 194.910255  0.000e+00
    316.803     5.9472    34.0393    1.40239    26.8035 194.910324  0.000e+00
    317.870     5.9493    34.0293    1.40262    26.7953 194.910394  0.000e+00
    317.870     5.9492    34.0388    1.40253    26.8029 194.910463  0.000e+00
    318.136     5.9482    34.0322    1.40267    26.7978 194.910532  0.000e+00
    318.403     5.9603    34.0464    1.41057    26.8075 194.910602  0.000e+00
    318.403     5.9664    34.0310    1.42403    26.7946 194.910671  0.000e+00
    319.203     5.9593    34.0341    1.41795    26.7979 194.910741  0.000e+00
    319.470     5.9673    33.9938    1.40975    26.7651 194.910810  0.000e+00
    320.003     5.9612    34.0451    1.41278    26.8064 194.910880  0.000e+00
    320.269     5.9571    34.0397    1.40464    26.8026 194.910949  0.000e+00
    320.003     5.9520    34.0488    1.40789    26.8105 194.911019  0.000e+00
    320.536     5.9611    33.9885    1.40827    26.7616 194.911088  0.000e+00
    320.536     5.9601    34.0255    1.40795    26.7910 194.911157  0.000e+00
    321.069     5.9468    34.0404    1.39996    26.8045 194.911227  0.000e+00
    321.336     5.9387    34.0750    1.40317    26.8329 194.911296  0.000e+00
    321.336     5.9356    34.0725    1.40330    26.8313 194.911366  0.000e+00
    321.336     5.9467    34.0425    1.40322    26.8062 194.911435  0.000e+00
    320.536     5.9609    34.0174    1.40286    26.7846 194.911505  0.000e+00
    321.869     5.9477    34.0358    1.39497    26.8007 194.911574  0.000e+00
    321.869     5.9456    34.0342    1.39828    26.7997 194.911644  0.000e+00
    321.869     5.9446    34.0296    1.39836    26.7962 194.911713  0.000e+00
    322.669     5.9456    34.0359    1.40680    26.8011 194.911782  0.000e+00
    323.203     5.9435    34.0434    1.40366    26.8073 194.911852  0.000e+00
    323.736     5.9394    34.0360    1.39558    26.8020 194.911921  0.000e+00
    324.536     5.9678    34.0015    1.39837    26.7712 194.911991  0.000e+00
    325.336     5.9536    34.0722    1.39832    26.8288 194.912060  0.000e+00
    325.869     5.9454    34.0575    1.39043    26.8182 194.912130  0.000e+00
    326.669     5.9474    34.0325    1.40236    26.7982 194.912199  0.000e+00
    326.936     5.9443    34.0355    1.39925    26.8010 194.912269  0.000e+00
    326.669     5.9423    34.0340    1.40767    26.8001 194.912338  0.000e+00
    327.202     5.9666    33.9641    1.39602    26.7418 194.912407  0.000e+00
    327.202     5.9544    34.0539    1.39881    26.8142 194.912477  0.000e+00
    327.736     5.9513    34.0454    1.39908    26.8080 194.912546  0.000e+00
    328.802     5.9686    33.9880    1.39088    26.7605 194.912616  0.000e+00
    329.069     5.9553    34.0522    1.40237    26.8129 194.912685  0.000e+00
    328.802     5.9522    34.0385    1.39932    26.8024 194.912755  0.000e+00
    329.069     5.9431    34.0590    1.39947    26.8198 194.912824  0.000e+00
    329.335     5.9308    34.0542    1.39995    26.8175 194.912894  0.000e+00
    329.335     5.9399    34.0395    1.39140    26.8047 194.912963  0.000e+00
    329.602     5.9480    34.0200    1.39461    26.7883 194.913032  0.000e+00
    330.402     5.9541    34.0476    1.40270    26.8093 194.913102  0.000e+00
    331.468     5.9510    34.0710    1.40794    26.8283 194.913171  0.000e+00
    331.468     5.9459    34.0308    1.40524    26.7972 194.913241  0.000e+00
    331.202     5.9601    34.0282    1.39637    26.7933 194.913310  0.000e+00
    330.669     5.9520    34.0499    1.39957    26.8115 194.913380  0.000e+00
    330.669     5.9448    34.0439    1.40825    26.8076 194.913449  0.000e+00
    330.669     5.9519    34.0841    1.40441    26.8385 194.913519  0.000e+00
    330.669     5.9630    34.0163    1.40469    26.7836 194.913588  0.000e+00
    331.202     5.9528    34.0415    1.38809    26.8047 194.913657  0.000e+00
    330.935     5.9518    34.0465    1.40290    26.8088 194.913727  0.000e+00
    330.669     5.9436    34.0323    1.40001    26.7986 194.913796  0.000e+00
    330.935     5.9497    34.0374    1.40821    26.8019 194.913866  0.000e+00
    330.669     5.9487    34.0463    1.39648    26.8090 194.913935  0.000e+00
    330.669     5.9527    34.0272    1.39977    26.7934 194.914005  0.000e+00
    330.669     5.9476    34.0343    1.39147    26.7997 194.914074  0.000e+00
    330.669     5.9506    34.0408    1.40295    26.8044 194.914144  0.000e+00
    330.669     5.9495    34.0325    1.39982    26.7980 194.914213  0.000e+00
    330.669     5.9454    34.0348    1.39994    26.8003 194.914282  0.000e+00
    330.669     5.9464    34.0452    1.39141    26.8084 194.914352  0.000e+00
    330.669     5.9474    34.0462    1.39461    26.8091 194.914421  0.000e+00
    330.669     5.9484    34.0509    1.40293    26.8127 194.914491  0.000e+00
    330.669     5.9484    34.0435    1.39977    26.8068 194.914560  0.000e+00
    330.669     5.9473    34.0389    1.39984    26.8034 194.914630  0.000e+00
    330.669     5.9463    34.0571    1.39971    26.8178 194.914699  0.000e+00
    330.935     5.9442    34.0269    1.40010    26.7943 194.914769  0.000e+00
    330.669     5.9472    34.0374    1.39986    26.8021 194.914838  0.000e+00
    330.669     5.9492    34.0373    1.39980    26.8019 194.914907  0.000e+00
    330.669     5.9492    34.0469    1.39972    26.8094 194.914977  0.000e+00
    330.669     5.9492    34.0508    1.39968    26.8125 194.915046  0.000e+00
    330.669     5.9522    34.0346    1.40813    26.7993 194.915116  0.000e+00
    330.935     5.9521    34.0364    1.39654    26.8008 194.915185  0.000e+00
    330.669     5.9430    34.0402    1.39998    26.8049 194.915255  0.000e+00
    330.669     5.9521    34.0425    1.40806    26.8056 194.915324  0.000e+00
    330.669     5.9480    34.0410    1.40497    26.8049 194.915394  0.000e+00
    330.669     5.9520    34.0427    1.40483    26.8057 194.915463  0.000e+00
    330.669     5.9489    34.0402    1.40495    26.8042 194.915532  0.000e+00
    330.669     5.9499    34.0563    1.39638    26.8168 194.915602  0.000e+00
    330.669     5.9519    34.0354    1.39975    26.8000 194.915671  0.000e+00
    330.669     5.9468    34.0388    1.39988    26.8033 194.915741  0.000e+00
    330.669     5.9488    34.0538    1.40807    26.8150 194.915810  0.000e+00
    330.669     5.9528    34.0348    1.39649    26.7994 194.915880  0.000e+00
    330.669     5.9508    34.0369    1.39977    26.8013 194.915949  0.000e+00
    330.669     5.9518    34.0530    1.39959    26.8139 194.916019  0.000e+00
    330.669     5.9517    34.0229    1.39988    26.7901 194.916088  0.000e+00
    330.669     5.9490    34.0319    1.40827    26.7976 194.916157  0.000e+00
    330.669     5.9447    34.0489    1.39662    26.8116 194.916227  0.000e+00
    330.669     5.9437    34.0499    1.39988    26.8125 194.916296  0.000e+00
    330.935     5.9458    34.0533    1.40823    26.8149 194.916366  0.000e+00
    330.669     5.9469    34.0524    1.40492    26.8141 194.916435  0.000e+00
    330.669     5.9531    34.0443    1.39640    26.8069 194.916505  0.000e+00
    330.669     5.9542    34.0395    1.40804    26.8029 194.916574  0.000e+00
    330.669     5.9543    34.0470    1.40474    26.8088 194.916644  0.000e+00
    330.669     5.9483    34.0511    1.39650    26.8129 194.916713  0.000e+00
    330.935     5.9484    34.0434    1.39985    26.8068 194.916782  0.000e+00
    330.669     5.9535    34.0251    1.39981    26.7917 194.916852  0.000e+00
    330.669     5.9495    34.0367    1.40822    26.8013 194.916921  0.000e+00
    330.669     5.9527    34.0298    1.40495    26.7955 194.916991  0.000e+00
    330.669     5.9568    34.0332    1.39640    26.7977 194.917060  0.000e+00
    330.669     5.9498    34.0346    1.39984    26.7997 194.917130  0.000e+00
    330.669     5.9499    34.0402    1.39979    26.8041 194.917199  0.000e+00
    330.669     5.9479    34.0479    1.40818    26.8104 194.917269  0.000e+00
    330.669     5.9521    34.0475    1.40481    26.8096 194.917338  0.000e+00
    330.669     5.9521    34.0456    1.40483    26.8080 194.917407  0.000e+00
    330.669     5.9492    34.0504    1.39649    26.8122 194.917477  0.000e+00
    330.669     5.9523    34.0265    1.40824    26.7930 194.917546  0.000e+00
    330.669     5.9504    34.0531    1.39643    26.8142 194.917616  0.000e+00
    330.669     5.9596    34.0382    1.39951    26.8012 194.917685  0.000e+00
    330.669     5.9515    34.0501    1.40805    26.8116 194.917755  0.000e+00
    330.935     5.9475    34.0464    1.40502    26.8092 194.917824  0.000e+00
    330.669     5.9476    34.0389    1.39665    26.8033 194.917894  0.000e+00
    330.669     5.9497    34.0406    1.39980    26.8044 194.917963  0.000e+00
    330.402     5.9478    34.0427    1.39980    26.8063 194.918032  0.000e+00
    330.135     5.9489    34.0474    1.39128    26.8099 194.918102  0.000e+00
    330.135     5.9459    34.0504    1.40297    26.8126 194.918171  0.000e+00
    329.335     5.9511    34.0324    1.39960    26.7977 194.918241  0.000e+00
    329.335     5.9522    34.0389    1.40789    26.8027 194.918310  0.000e+00
    330.135     5.9543    34.0269    1.39646    26.7930 194.918380  0.000e+00
    329.869     5.9483    34.0426    1.39130    26.8061 194.918449  0.000e+00
    329.602     5.9494    34.0416    1.40285    26.8052 194.918519  0.000e+00
    329.869     5.9586    34.0039    1.39972    26.7743 194.918588  0.000e+00
    329.869     5.9505    34.0498    1.40795    26.8116 194.918657  0.000e+00
    329.869     5.9486    34.0726    1.39617    26.8298 194.918727  0.000e+00
    329.869     5.9497    34.0620    1.40786    26.8213 194.918796  0.000e+00
    329.869     5.9508    34.0515    1.39630    26.8129 194.918866  0.000e+00
    329.869     5.9509    34.0344    1.39130    26.7994 194.918935  0.000e+00
    329.602     5.9530    34.0438    1.39433    26.8065 194.919005  0.000e+00
    329.602     5.9287    34.1023    1.41135    26.8557 194.919074  0.000e+00
    329.602     5.9470    34.0611    1.39628    26.8209 194.919144  0.000e+00
    328.802     5.9492    34.0141    1.40813    26.7835 194.919213  0.000e+00
    328.002     5.9614    34.0324    1.40419    26.7964 194.919282  0.000e+00
    326.936     5.9524    34.0440    1.39579    26.8067 194.919352  0.000e+00
    326.136     5.9504    34.0520    1.39887    26.8133 194.919421  0.000e+00
    326.136     5.9535    34.0319    1.40734    26.7970 194.919491  0.000e+00
    326.936     5.9496    34.0468    1.40424    26.8093 194.919560  0.000e+00
    326.936     5.9527    34.0380    1.40423    26.8020 194.919630  0.000e+00
    325.869     5.9548    33.9874    1.39605    26.7616 194.919699  0.000e+00
    324.802     5.9539    34.0134    1.39888    26.7823 194.919769  0.000e+00
    323.736     5.9499    34.0236    1.39871    26.7909 194.919838  0.000e+00
    323.469     5.9398    34.0868    1.40678    26.8421 194.919907  0.000e+00
    324.269     5.9511    33.9920    1.40422    26.7657 194.919977  0.000e+00
    324.003     5.9471    34.0396    1.40386    26.8038 194.920046  0.000e+00
    323.203     5.9400    34.0679    1.39529    26.8271 194.920116  0.000e+00
    323.203     5.9503    34.0330    1.39852    26.7982 194.920185  0.000e+00
    323.469     5.9534    34.0619    1.40658    26.8207 194.920255  0.000e+00
