vars-standalone/src/main/assembly/files/scripts/groovy/gov/noaa/olympiccoast/Ctd_sample_R1162.txt
* Sea-Bird SBE19 Data File:
* FileName = C:\Ropos2008\R1162_DL01.hex
* Software Version 1.50
* Temperature SN = 2997
* Conductivity SN = 2997
* System UpLoad Time = Jul 13 2008 00:57:11
** JP Tully
**
# nquan = 7
# nvalues = 10194                                 
# units = specified
# name 0 = depSM: Depth [salt water, m]
# name 1 = t090C: Temperature [ITS-90, deg C]
# name 2 = sal00: Salinity, Practical [PSU]
# name 3 = sbeox0Mg/L: Oxygen, SBE 43 [mg/l]
# name 4 = sigma-é00: Density [sigma-theta, Kg/m^3]
# name 5 = timeJ: Julian Days
# name 6 = flag:  0.000e+00
# span 0 =     -3.686,    357.597                 
# span 1 =     5.9044,    13.5156                 
# span 2 =     0.4008,    34.5894                 
# span 3 =   -9.08509,   13.80985                 
# span 4 =    -0.3202,    27.2413                 
# span 5 = 194.336296, 195.044144                 
# span 6 = 0.0000e+00, 0.0000e+00                 
# interval = seconds: 6
# start_time = Jul 12 2008 08:04:16
# bad_flag = -9.990e-29
*END*
[from data line 8411]
    322.936     5.9505    34.0424    1.39515    26.8056 194.920394  0.000e+00
    322.669     5.9496    34.0548    1.39824    26.8156 194.920463  0.000e+00
    322.403     5.9537    34.0357    1.39824    26.7999 194.920532  0.000e+00
    322.136     5.9508    34.0389    1.40664    26.8028 194.920602  0.000e+00
    322.136     5.9539    34.0414    1.40329    26.8044 194.920671  0.000e+00
    321.603     5.9520    34.0342    1.39494    26.7989 194.920741  0.000e+00
    321.869     5.9622    34.0163    1.39806    26.7835 194.920810  0.000e+00
    322.136     5.9511    34.0348    1.39829    26.7996 194.920880  0.000e+00
    321.336     5.9502    34.0381    1.39814    26.8022 194.920949  0.000e+00
    320.536     5.9502    34.0403    1.40635    26.8040 194.921019  0.000e+00
    320.536     5.9503    34.0365    1.40316    26.8009 194.921088  0.000e+00
    319.736     5.9494    34.0454    1.39459    26.8081 194.921157  0.000e+00
    319.470     5.9515    34.0170    1.39796    26.7854 194.921227  0.000e+00
    319.736     5.9496    34.0377    1.40625    26.8020 194.921296  0.000e+00
    319.470     5.9496    34.0529    1.40283    26.8140 194.921366  0.000e+00
    319.203     5.9538    34.0904    1.40230    26.8432 194.921435  0.000e+00
    319.203     5.9528    34.0328    1.39450    26.7977 194.921505  0.000e+00
    318.670     5.9499    34.0342    1.39771    26.7992 194.921574  0.000e+00
    318.670     5.9581    34.0449    1.39735    26.8066 194.921644  0.000e+00
    318.403     5.9480    34.0400    1.39766    26.8040 194.921713  0.000e+00
    317.603     5.9481    34.0460    1.40583    26.8087 194.921782  0.000e+00
    317.070     5.9502    34.0404    1.40250    26.8040 194.921852  0.000e+00
    316.803     5.9381    34.0792    1.39410    26.8362 194.921921  0.000e+00
    316.536     5.9493    34.0378    1.39730    26.8021 194.921991  0.000e+00
    316.536     5.9464    34.0446    1.40570    26.8078 194.922060  0.000e+00
    316.003     5.9505    34.0331    1.40236    26.7982 194.922130  0.000e+00
    315.736     5.9506    34.0540    1.40211    26.8147 194.922199  0.000e+00
    315.470     5.9527    34.0350    1.39381    26.7994 194.922269  0.000e+00
    314.936     5.9843    33.8961    1.39722    26.6857 194.922338  0.000e+00
    314.670     5.9407    34.0646    1.40536    26.8243 194.922407  0.000e+00
    314.670     5.9489    34.0431    1.40208    26.8063 194.922477  0.000e+00
    314.670     5.9520    34.0286    1.40211    26.7945 194.922546  0.000e+00
    314.403     5.9531    34.0371    1.40195    26.8011 194.922616  0.000e+00
    314.136     5.9502    34.0195    1.40216    26.7875 194.922685  0.000e+00
    314.403     5.9482    34.0251    1.39385    26.7922 194.922755  0.000e+00
    314.670     5.9523    34.0378    1.40523    26.8017 194.922824  0.000e+00
    314.670     5.9646    34.0350    1.41001    26.7979 194.922894  0.000e+00
    314.670     5.9535    34.0424    1.39872    26.8051 194.922963  0.000e+00
    314.936     5.9587    33.9955    1.39389    26.7675 194.923032  0.000e+00
    314.403     5.9649    34.0538    1.39628    26.8128 194.923102  0.000e+00
    313.603     5.9721    34.0622    1.40418    26.8184 194.923171  0.000e+00
    313.070     5.9518    34.0355    1.40176    26.7999 194.923241  0.000e+00
    312.803     5.9519    34.0375    1.40169    26.8015 194.923310  0.000e+00
    312.803     5.9591    34.0303    1.40153    26.7949 194.923380  0.000e+00
    312.270     5.9500    34.0415    1.40162    26.8049 194.923449  0.000e+00
    311.470     5.9572    34.0329    1.39297    26.7971 194.923519  0.000e+00
    310.670     5.9553    34.0428    1.40436    26.8052 194.923588  0.000e+00
    310.137     5.9553    34.0392    1.40944    26.8024 194.923657  0.000e+00
    310.137     5.9534    34.0393    1.39793    26.8027 194.923727  0.000e+00
    309.870     5.9504    34.0443    1.40114    26.8070 194.923796  0.000e+00
    309.603     5.9657    34.0159    1.40087    26.7826 194.923866  0.000e+00
    309.603     5.9536    34.0375    1.40105    26.8012 194.923935  0.000e+00
    309.603     5.9527    34.0422    1.40939    26.8051 194.924005  0.000e+00
    309.070     5.9548    34.0366    1.39772    26.8004 194.924074  0.000e+00
    309.070     5.9600    34.0371    1.40076    26.8001 194.924144  0.000e+00
    309.070     5.9550    34.0327    1.40096    26.7973 194.924213  0.000e+00
    308.537     5.9551    34.0291    1.40089    26.7944 194.924282  0.000e+00
    308.537     5.9602    33.9919    1.40107    26.7643 194.924352  0.000e+00
    308.270     5.9593    34.0194    1.40915    26.7862 194.924421  0.000e+00
    308.270     5.9695    34.0243    1.39722    26.7888 194.924491  0.000e+00
    308.003     5.9530    34.0517    1.40900    26.8125 194.924560  0.000e+00
    308.270     5.9563    34.0621    1.38894    26.8203 194.924630  0.000e+00
    307.470     5.9197    34.1069    1.40431    26.8603 194.924699  0.000e+00
    307.203     5.9562    34.0382    1.40887    26.8015 194.924769  0.000e+00
    307.203     5.9684    34.0355    1.40530    26.7978 194.924838  0.000e+00
    306.937     5.9724    34.0392    1.41343    26.8002 194.924907  0.000e+00
    306.670     5.9672    34.0351    1.41873    26.7976 194.924977  0.000e+00
    306.670     5.9682    34.0361    1.42383    26.7982 194.925046  0.000e+00
    306.670     5.9712    34.0369    1.42052    26.7985 194.925116  0.000e+00
    306.137     5.9732    34.0390    1.41199    26.7999 194.925185  0.000e+00
    305.870     5.9813    34.0329    1.42328    26.7941 194.925255  0.000e+00
    305.870     5.9721    34.0554    1.42017    26.8130 194.925324  0.000e+00
    305.603     5.9811    34.0124    1.43691    26.7779 194.925394  0.000e+00
    305.337     5.9730    34.0397    1.43046    26.8005 194.925463  0.000e+00
    305.070     5.9770    34.0321    1.42201    26.7939 194.925532  0.000e+00
    304.537     6.0003    34.0449    1.42424    26.8011 194.925602  0.000e+00
    304.270     5.9789    34.0287    1.42504    26.7910 194.925671  0.000e+00
    304.270     5.9748    34.0310    1.41681    26.7934 194.925741  0.000e+00
    303.470     5.9107    34.1450    1.41250    26.8914 194.925810  0.000e+00
    303.203     5.9737    34.0346    1.42302    26.7963 194.925880  0.000e+00
    304.003     5.9685    34.0375    1.41176    26.7993 194.925949  0.000e+00
    304.270     5.9685    34.0469    1.41493    26.8067 194.926019  0.000e+00
    304.003     5.9684    34.0395    1.41495    26.8009 194.926088  0.000e+00
    303.203     5.9684    34.0362    1.40650    26.7983 194.926157  0.000e+00
    303.470     5.9541    34.0467    1.41845    26.8083 194.926227  0.000e+00
    303.203     5.9683    34.0326    1.42321    26.7955 194.926296  0.000e+00
    303.203     5.9652    34.0414    1.41168    26.8028 194.926366  0.000e+00
    302.937     5.9671    34.0415    1.41477    26.8026 194.926435  0.000e+00
    303.203     5.9630    34.0380    1.41499    26.8003 194.926505  0.000e+00
    302.670     5.9589    34.0480    1.39825    26.8088 194.926574  0.000e+00
    302.670     5.9599    34.0339    1.41309    26.7975 194.926644  0.000e+00
    302.403     5.9568    34.0561    1.40973    26.8154 194.926713  0.000e+00
    301.870     5.9618    34.0362    1.40132    26.7991 194.926782  0.000e+00
    301.603     5.9617    34.0799    1.41240    26.8336 194.926852  0.000e+00
    300.803     5.9495    34.0794    1.40945    26.8347 194.926921  0.000e+00
    300.536     5.9637    34.0388    1.41766    26.8009 194.926991  0.000e+00
    300.803     5.9646    34.0302    1.41456    26.7940 194.927060  0.000e+00
    300.270     5.9554    34.0397    1.41467    26.8027 194.927130  0.000e+00
    299.736     5.9574    34.0381    1.39785    26.8011 194.927199  0.000e+00
    299.470     5.9594    34.0362    1.40416    26.7994 194.927269  0.000e+00
    299.736     5.9502    34.0416    1.40445    26.8048 194.927338  0.000e+00
    299.470     5.9562    34.0357    1.41260    26.7993 194.927407  0.000e+00
    299.470     5.9551    34.0443    1.40935    26.8063 194.927477  0.000e+00
    298.936     5.9531    34.0392    1.40103    26.8025 194.927546  0.000e+00
    298.670     5.9571    34.0391    1.40406    26.8019 194.927616  0.000e+00
    298.670     5.9560    34.0383    1.39576    26.8014 194.927685  0.000e+00
    298.936     5.9529    34.0394    1.40744    26.8027 194.927755  0.000e+00
    298.936     5.9569    34.0335    1.40416    26.7976 194.927824  0.000e+00
    299.203     5.9538    34.0422    1.41256    26.8048 194.927894  0.000e+00
    298.936     5.9538    34.0500    1.40091    26.8110 194.927963  0.000e+00
    298.936     5.9547    34.0415    1.39582    26.8041 194.928032  0.000e+00
    298.936     5.9536    34.0388    1.40742    26.8021 194.928102  0.000e+00
    299.203     5.9546    34.0396    1.40423    26.8027 194.928171  0.000e+00
    298.936     5.9556    34.0332    1.41254    26.7974 194.928241  0.000e+00
    298.936     5.9535    34.0372    1.40103    26.8009 194.928310  0.000e+00
    298.936     5.9555    34.0352    1.40419    26.7991 194.928380  0.000e+00
    298.936     5.9524    34.0440    1.40421    26.8064 194.928449  0.000e+00
    298.936     5.9554    34.0373    1.40417    26.8007 194.928519  0.000e+00
    298.936     5.9553    34.0411    1.40414    26.8038 194.928588  0.000e+00
    298.670     5.9532    34.0472    1.40410    26.8088 194.928657  0.000e+00
    298.936     5.9542    34.0404    1.40418    26.8034 194.928727  0.000e+00
    298.936     5.9531    34.0378    1.40424    26.8014 194.928796  0.000e+00
    298.936     5.9551    34.0415    1.40414    26.8041 194.928866  0.000e+00
    298.936     5.9550    34.0453    1.40411    26.8071 194.928935  0.000e+00
    298.936     5.9540    34.0427    1.39583    26.8052 194.929005  0.000e+00
    298.670     5.9570    34.0342    1.40730    26.7980 194.929074  0.000e+00
    298.136     5.9599    34.0371    1.41221    26.8000 194.929144  0.000e+00
    298.136     5.9579    34.0449    1.40900    26.8064 194.929213  0.000e+00
    297.870     5.9537    34.0454    1.40908    26.8073 194.929282  0.000e+00
    297.603     5.9547    34.0408    1.40071    26.8036 194.929352  0.000e+00
    297.070     5.9557    34.0440    1.40375    26.8059 194.929421  0.000e+00
    297.336     5.9556    34.0382    1.40386    26.8014 194.929491  0.000e+00
    296.803     5.9566    34.0413    1.40370    26.8038 194.929560  0.000e+00
    296.270     5.9545    34.0456    1.40363    26.8074 194.929630  0.000e+00
    296.003     5.9524    34.0498    1.41194    26.8109 194.929699  0.000e+00
    295.203     5.9625    34.0306    1.41677    26.7945 194.929769  0.000e+00
    294.936     5.9574    34.0492    1.40519    26.8098 194.929838  0.000e+00
    294.403     5.9563    34.0411    1.40840    26.8035 194.929907  0.000e+00
    294.403     5.9552    34.0403    1.40844    26.8031 194.929977  0.000e+00
    294.403     5.9410    33.8864    1.41034    26.6832 194.930046  0.000e+00
    294.136     5.9500    34.0570    1.40840    26.8169 194.930116  0.000e+00
    294.136     5.9500    34.0949    1.40805    26.8469 194.930185  0.000e+00
    294.403     5.9621    34.0429    1.40819    26.8043 194.930255  0.000e+00
    294.403     5.9529    34.0616    1.40831    26.8202 194.930324  0.000e+00
    294.670     5.9580    34.0433    1.40837    26.8051 194.930394  0.000e+00
    294.136     5.9549    34.0429    1.40838    26.8052 194.930463  0.000e+00
    294.136     5.9568    34.0296    1.40844    26.7944 194.930532  0.000e+00
    293.869     5.9568    34.0393    1.41662    26.8021 194.930602  0.000e+00
    293.069     5.9547    34.0418    1.40500    26.8043 194.930671  0.000e+00
    292.003     5.9557    34.0433    1.40795    26.8053 194.930741  0.000e+00
    291.469     5.9556    34.0436    1.39953    26.8056 194.930810  0.000e+00
    291.469     5.9576    34.0398    1.41934    26.8023 194.930880  0.000e+00
    291.203     5.9535    34.0403    1.40471    26.8033 194.930949  0.000e+00
    291.469     5.9554    34.0382    1.41623    26.8014 194.931019  0.000e+00
    291.469     5.9544    34.0507    1.40463    26.8113 194.931088  0.000e+00
    291.736     5.9553    34.0250    1.40808    26.7909 194.931157  0.000e+00
    292.003     5.9532    34.0667    1.39949    26.8242 194.931227  0.000e+00
    292.269     5.9684    34.0532    1.40237    26.8116 194.931296  0.000e+00
    292.003     5.9623    34.0558    1.41081    26.8144 194.931366  0.000e+00
    292.003     5.9683    34.0743    1.40725    26.8283 194.931435  0.000e+00
    292.269     5.9591    34.0475    1.40784    26.8083 194.931505  0.000e+00
    292.536     5.9642    34.0462    1.39942    26.8066 194.931574  0.000e+00
    292.536     5.9509    34.0482    1.41134    26.8098 194.931644  0.000e+00
    292.803     5.9559    34.0487    1.40803    26.8096 194.931713  0.000e+00
    292.536     5.9589    34.0440    1.40793    26.8055 194.931782  0.000e+00
    292.803     5.9589    34.0477    1.40795    26.8084 194.931852  0.000e+00
    292.803     5.9588    34.0402    1.40802    26.8025 194.931921  0.000e+00
    292.803     5.9638    34.0447    1.40781    26.8054 194.931991  0.000e+00
    292.803     5.9739    34.0610    1.39902    26.8171 194.932060  0.000e+00
    292.803     5.9546    34.0635    1.41113    26.8214 194.932130  0.000e+00
    292.803     5.9606    34.0272    1.40808    26.7920 194.932199  0.000e+00
    292.803     5.9555    34.0569    1.40796    26.8162 194.932269  0.000e+00
    292.803     5.9605    34.0160    1.41651    26.7832 194.932338  0.000e+00
    292.803     5.9615    34.0434    1.41303    26.8047 194.932407  0.000e+00
    292.803     5.9695    33.9976    1.40488    26.7675 194.932477  0.000e+00
    292.803     5.9400    34.0291    1.40872    26.7961 194.932546  0.000e+00
    292.803     5.9603    34.0258    1.40810    26.7909 194.932616  0.000e+00
    292.803     5.9491    34.0182    1.40853    26.7863 194.932685  0.000e+00
    292.803     5.9571    33.8514    1.41816    26.6535 194.932755  0.000e+00
    292.803     5.9652    34.0701    1.42097    26.8253 194.932824  0.000e+00
    292.536     5.9763    34.0307    1.40943    26.7929 194.932894  0.000e+00
    292.803     5.9679    34.0467    1.41279    26.8065 194.932963  0.000e+00
    292.803     5.9620    34.0074    1.40502    26.7762 194.933032  0.000e+00
    292.803     5.9507    34.0794    1.40790    26.8345 194.933102  0.000e+00
    292.536     5.9689    34.0539    1.41583    26.8121 194.933171  0.000e+00
    292.803     5.9698    34.0115    1.41305    26.7784 194.933241  0.000e+00
    292.803     5.9534    34.0999    1.41275    26.8504 194.933310  0.000e+00
    292.803     5.9625    34.0305    1.41311    26.7944 194.933380  0.000e+00
    292.803     5.9695    34.0312    1.40456    26.7941 194.933449  0.000e+00
    292.803     5.9856    34.0208    1.40733    26.7839 194.933519  0.000e+00
    292.536     5.9540    34.0698    1.40783    26.8265 194.933588  0.000e+00
    292.003     5.9590    34.1050    1.41556    26.8537 194.933657  0.000e+00
    292.536     5.9508    34.0678    1.42973    26.8253 194.933727  0.000e+00
    293.603     5.9822    34.0907    1.42231    26.8395 194.933796  0.000e+00
    293.603     5.9719    34.0237    1.42327    26.7879 194.933866  0.000e+00
    293.603     5.9475    34.0938    1.40675    26.8463 194.933935  0.000e+00
    293.869     5.9687    34.0442    1.42129    26.8045 194.934005  0.000e+00
    293.869     5.9605    34.0602    1.40989    26.8181 194.934074  0.000e+00
    293.869     5.9604    34.0548    1.42146    26.8139 194.934144  0.000e+00
    293.869     5.9613    34.0540    1.42657    26.8132 194.934213  0.000e+00
    293.869     5.9622    34.0457    1.41510    26.8065 194.934282  0.000e+00
    293.336     5.9580    34.0447    1.41834    26.8062 194.934352  0.000e+00
    292.536     5.9630    34.0611    1.40956    26.8185 194.934421  0.000e+00
    291.736     5.9517    34.0673    1.42955    26.8248 194.934491  0.000e+00
