vars-standalone/src/main/assembly/files/scripts/groovy/gov/noaa/olympiccoast/Ctd_sample_R1162.txt
* Sea-Bird SBE19 Data File:
* FileName = C:\Ropos2008\R1162_DL01.hex
* Software Version 1.50
* Temperature SN = 2997
* Conductivity SN = 2997
* System UpLoad Time = Jul 13 2008 00:57:11
** JP Tully
**
# nquan = 7
# nvalues = 10194                                 
# units = specified
# name 0 = depSM: Depth [salt water, m]
# name 1 = t090C: Temperature [ITS-90, deg C]
# name 2 = sal00: Salinity, Practical [PSU]
# name 3 = sbeox0Mg/L: Oxygen, SBE 43 [mg/l]
# name 4 = sigma-é00: Density [sigma-theta, Kg/m^3]
# name 5 = timeJ: Julian Days
# name 6 = flag:  0.000e+00
# span 0 =     -3.686,    357.597                 
# span 1 =     5.9044,    13.5156                 
# span 2 =     0.4008,    34.5894                 
# span 3 =   -9.08509,   13.80985                 
# span 4 =    -0.3202,    27.2413                 
# span 5 = 194.336296, 195.044144                 
# span 6 = 0.0000e+00, 0.0000e+00                 
# interval = seconds: 6
# start_time = Jul 12 2008 08:04:16
# bad_flag = -9.990e-29
*END*
     -3.686    13.1605     0.4885   -2.26070    -0.2611 194.336296  0.000e+00
     -3.419    13.1371     0.4590   -2.26223    -0.2810 194.336366  0.000e+00
     -3.419    13.2342     0.4522   -2.25800    -0.2990 194.336435  0.000e+00
     -3.152    13.0902     0.4008   -2.26522    -0.3202 194.336505  0.000e+00
     -2.885    13.0190     0.7566   -2.26348    -0.0344 194.336574  0.000e+00
     -2.618    13.0327     1.1728   -2.25709     0.2870 194.336644  0.000e+00
     -2.351    13.0236     1.3886   -2.25455     0.4557 194.336713  0.000e+00
     -2.084    13.0081     1.0055   -2.26069     0.1604 194.336782  0.000e+00
     -1.817    12.8956     0.9980   -2.26592     0.1690 194.336852  0.000e+00
     -1.817    12.8773     0.8871   -2.26831     0.0852 194.336921  0.000e+00
     -1.550    12.8737     0.7514   -2.27047    -0.0198 194.336991  0.000e+00
     -1.283    12.8837     0.7902   -2.26954     0.0091 194.337060  0.000e+00
     -1.016    12.8855     0.9216   -2.26768     0.1110 194.337130  0.000e+00
     -1.016    12.8819     0.8800   -2.26843     0.0791 194.337199  0.000e+00
     -0.749    12.8654     1.5638   -2.25961     0.6121 194.337269  0.000e+00
     -0.749    12.8828     0.9541   -2.26742     0.1366 194.337338  0.000e+00
     -0.482    12.9130     0.7873   -2.26850     0.0031 194.337407  0.000e+00
     -0.482    12.9002     0.7268   -2.26993    -0.0423 194.337477  0.000e+00
     -0.482    12.8672     0.6613   -2.27234    -0.0890 194.337546  0.000e+00
     -0.214    12.8864     0.7271   -2.27062    -0.0403 194.337616  0.000e+00
     -0.214    12.8690     0.7229   -2.27146    -0.0414 194.337685  0.000e+00
     -0.214    12.8883     1.2136   -2.26367     0.3374 194.337755  0.000e+00
     -0.214    12.8645     0.8319   -2.27013     0.0440 194.337824  0.000e+00
     -0.214    12.7893     0.7243   -2.27505    -0.0302 194.337894  0.000e+00
      0.053    12.8196     1.1568   -2.26764     0.3021 194.337963  0.000e+00
      0.053    12.9431     1.0200   -2.26401     0.1800 194.338032  0.000e+00
      0.053    12.8763     0.8536   -2.26936     0.0593 194.338102  0.000e+00
      0.320    12.9047     0.8656   -2.26799     0.0651 194.338171  0.000e+00
      0.320    12.8901     0.6757   -2.27134    -0.0807 194.338241  0.000e+00
      0.320    12.9294     0.6580   -2.26981    -0.0995 194.338310  0.000e+00
      0.320    12.9586     0.6927   -2.26801    -0.0762 194.338380  0.000e+00
      0.587    12.9897     0.7708   -2.26559    -0.0195 194.338449  0.000e+00
      0.587    13.0107     0.8334   -2.26376     0.0264 194.338519  0.000e+00
      0.320    13.0281     0.6507   -2.26548    -0.1178 194.338588  0.000e+00
      0.587    13.0436     0.8258   -2.26240     0.0163 194.338657  0.000e+00
      0.587    13.0700     0.7646   -2.26208    -0.0347 194.338727  0.000e+00
      0.587    13.0636     0.6976   -2.26330    -0.0859 194.338796  0.000e+00
      0.587    13.0846     0.7211   -2.26204    -0.0704 194.338866  0.000e+00
      0.587    13.1074     0.6358   -2.26222    -0.1396 194.338935  0.000e+00
      0.587    13.1311     0.6670   -2.26072    -0.1185 194.339005  0.000e+00
      0.854    13.1475     0.6961   -2.25966    -0.0980 194.339074  0.000e+00
      0.854    13.2013     0.6940   -2.25729    -0.1066 194.339144  0.000e+00
      0.587    13.2778     0.6409   -2.25457    -0.1579 194.339213  0.000e+00
      0.854    13.3205     0.5731   -2.25370    -0.2163 194.339282  0.000e+00
      0.854    13.4177     0.6017   -2.24901    -0.2069 194.339352  0.000e+00
      0.854    13.4368     0.6461   -2.24755    -0.1750 194.339421  0.000e+00
      0.854    13.4576     0.5911   -2.24740    -0.2205 194.339491  0.000e+00
      0.854    13.4377     0.5236   -2.24922    -0.2702 194.339560  0.000e+00
      0.854    13.4295     0.5271   -2.24953    -0.2665 194.339630  0.000e+00
      0.854    13.4104     0.5063   -2.25066    -0.2801 194.339699  0.000e+00
      0.854    13.3850     0.4845   -2.25209    -0.2936 194.339769  0.000e+00
      0.854    13.3614     0.5391   -2.25237    -0.2481 194.339838  0.000e+00
      0.854    13.3704     0.4947   -2.25259    -0.2838 194.339907  0.000e+00
      0.854    13.3323     0.4797   -2.25448    -0.2904 194.339977  0.000e+00
      0.854    13.3441     0.5338   -2.25321    -0.2499 194.340046  0.000e+00
      0.854    13.3004     0.5834   -2.25444    -0.2056 194.340116  0.000e+00
      1.121    13.2659     0.4540   -2.25787    -0.3017 194.340185  0.000e+00
      0.854    13.2558     0.5272   -2.25721    -0.2434 194.340255  0.000e+00
      1.121    13.2467     0.5029   -2.25803    -0.2611 194.340324  0.000e+00
      0.854    13.2404     0.7171   -2.25524    -0.0938 194.340394  0.000e+00
      0.854    13.2476     2.4946   -2.23017     1.2824 194.340463  0.000e+00
      1.121    13.2658     1.5096   -2.24312     0.5175 194.340532  0.000e+00
      1.121    13.2695     1.1074   -2.24857     0.2053 194.340602  0.000e+00
      1.121    13.2931     1.0673   -2.24808     0.1711 194.340671  0.000e+00
      0.854    13.3340     0.9832   -2.24738     0.1004 194.340741  0.000e+00
      0.854    13.3640     0.9159   -2.24699     0.0442 194.340810  0.000e+00
      0.854    13.3277     1.0687   -2.24647     0.1675 194.340880  0.000e+00
      1.121    13.3204     0.9021   -2.24919     0.0392 194.340949  0.000e+00
      0.854    13.3431     1.0140   -2.24655     0.1231 194.341019  0.000e+00
      1.121    13.3204     0.9044   -2.24915     0.0410 194.341088  0.000e+00
      0.854    13.3349     0.7662   -2.25036    -0.0682 194.341157  0.000e+00
      1.121    13.3704     0.7169   -2.24956    -0.1111 194.341227  0.000e+00
      1.121    13.3685     0.7667   -2.24895    -0.0723 194.341296  0.000e+00
      1.121    13.4139     0.7828   -2.24673    -0.0658 194.341366  0.000e+00
      1.121    13.5156     0.7841   -2.24225    -0.0784 194.341435  0.000e+00
      1.121    13.4829     0.8733   -2.24244    -0.0049 194.341505  0.000e+00
      1.121    13.4348     0.8516   -2.24485    -0.0152 194.341574  0.000e+00
      1.121    13.3467     1.0393   -2.24611     0.1422 194.341644  0.000e+00
      1.121    13.2667     0.8575   -2.25218     0.0118 194.341713  0.000e+00
      1.121    13.1383     1.4281   -2.24989     0.4713 194.341782  0.000e+00
      1.121    12.7653     1.0867   -2.27139     0.2546 194.341852  0.000e+00
      1.121    12.6359     1.1245   -2.27673     0.3002 194.341921  0.000e+00
      1.121    12.5716     1.2236   -2.27825     0.3852 194.341991  0.000e+00
      1.121    12.5366     1.1405   -2.28103     0.3249 194.342060  0.000e+00
      1.121    12.4980     1.1831   -2.28219     0.3629 194.342130  0.000e+00
      1.121    12.4704     1.2578   -2.28239     0.4243 194.342199  0.000e+00
      1.388    12.4437     1.2408   -2.28393     0.4144 194.342269  0.000e+00
      1.121    12.4271     1.2736   -2.28415     0.4419 194.342338  0.000e+00
      1.388    12.4197     1.2022   -2.28558     0.3873 194.342407  0.000e+00
      1.388    12.3948     1.0381   -2.28907     0.2628 194.342477  0.000e+00
      1.121    12.3874     1.1295   -2.28803     0.3347 194.342546  0.000e+00
      1.388    12.3672     1.1408   -2.28888     0.3460 194.342616  0.000e+00
      1.121    12.3570     1.4092   -2.28543     0.5559 194.342685  0.000e+00
      1.121    12.3505     1.2307   -2.28828     0.4179 194.342755  0.000e+00
      1.121    12.3561     1.2496   -2.28775     0.4320 194.342824  0.000e+00
      1.121    12.3450     1.1855   -2.28918     0.3834 194.342894  0.000e+00
      1.388    12.3561     1.0912   -2.29010     0.3088 194.342963  0.000e+00
      1.922    11.7800    16.0042   -2.10970    11.9178 194.343032  0.000e+00
      2.723    11.7344    32.5189   -1.90286    24.7119 194.343102  0.000e+00
      2.723    11.7651     3.6664   -2.28093     2.3797 194.343171  0.000e+00
      2.990    11.7381    32.5073   -1.90293    24.7022 194.343241  0.000e+00
      4.592    11.7577    16.0580   -2.11063    11.9628 194.343310  0.000e+00
      7.797    11.7642    32.5004   -1.90324    24.6922 194.343380  0.000e+00
     10.734    11.6692    32.6283   -1.90583    24.8090 194.343449  0.000e+00
     14.473    11.4237    32.7548   -1.91410    24.9520 194.343519  0.000e+00
     16.609    11.1407    32.4770   13.17079    24.7869 194.343588  0.000e+00
     18.211    11.1426    32.2527    8.59608    24.6121 194.343657  0.000e+00
     19.546    10.6014    32.6919    8.04513    25.0485 194.343727  0.000e+00
     21.682    10.1960    32.2385    7.51809    24.7641 194.343796  0.000e+00
     23.017     8.9995    32.8322    5.93380    25.4214 194.343866  0.000e+00
     25.153     8.7303    32.7260    5.55237    25.3799 194.343935  0.000e+00
     28.091     8.3279    32.7004    4.94798    25.4205 194.344005  0.000e+00
     29.426     8.2132    32.8281    4.15168    25.5376 194.344074  0.000e+00
     29.159     8.2622    32.7806    4.08282    25.4931 194.344144  0.000e+00
     28.625     8.1631    32.8182    4.44597    25.5372 194.344213  0.000e+00
     28.892     8.0097    33.0212    4.57891    25.7190 194.344282  0.000e+00
     28.892     7.9762    32.8628    3.95286    25.5995 194.344352  0.000e+00
     29.159     7.9467    32.8797    4.07354    25.6171 194.344421  0.000e+00
     28.625     7.9486    32.7902    4.00819    25.5466 194.344491  0.000e+00
     27.556     8.0195    32.9820    4.07432    25.6868 194.344560  0.000e+00
     24.886     8.2416    32.8390    4.28999    25.5419 194.344630  0.000e+00
     22.483     8.2632    32.8875    4.97011    25.5767 194.344699  0.000e+00
     21.949     8.2658    32.9280    4.66291    25.6081 194.344769  0.000e+00
     21.148     8.1739    32.8898    4.37158    25.5917 194.344838  0.000e+00
     20.881     8.2711    33.0090    4.62107    25.6708 194.344907  0.000e+00
     21.415     8.6291    32.9166    5.43424    25.5445 194.344977  0.000e+00
     21.949     8.5882    32.8222    5.46313    25.4768 194.345046  0.000e+00
     23.551     8.8045    32.8372    5.53248    25.4555 194.345116  0.000e+00
     25.954     8.6634    32.8616    5.34885    25.4963 194.345185  0.000e+00
     26.755     8.5717    32.8195    5.28328    25.4773 194.345255  0.000e+00
     28.091     8.4555    32.7007    4.93804    25.4017 194.345324  0.000e+00
     30.227     8.0445    32.7411    4.10862    25.4941 194.345394  0.000e+00
     32.897     7.8248    32.8583    3.84693    25.6179 194.345463  0.000e+00
     34.766     7.7498    32.9319    4.21878    25.6864 194.345532  0.000e+00
     36.101     7.7093    32.9750    3.74056    25.7261 194.345602  0.000e+00
     37.169     7.8249    32.8383    3.24291    25.6022 194.345671  0.000e+00
     37.436     7.6332    33.0575    3.48046    25.8018 194.345741  0.000e+00
     37.970     7.6471    33.0604    3.18148    25.8020 194.345810  0.000e+00
     38.504     7.6649    33.0414    3.26448    25.7846 194.345880  0.000e+00
     39.038     7.6472    33.0545    3.33325    25.7974 194.345949  0.000e+00
     39.839     7.6284    33.1570    3.29659    25.8806 194.346019  0.000e+00
     40.640     7.6225    33.1388    3.60892    25.8672 194.346088  0.000e+00
     41.708     7.6532    33.1036    3.73764    25.8352 194.346157  0.000e+00
     42.242     7.6572    33.1393    3.71154    25.8627 194.346227  0.000e+00
     42.776     7.6880    32.8644    3.88128    25.6423 194.346296  0.000e+00
     43.577     7.6494    33.2295    4.01816    25.9347 194.346366  0.000e+00
     46.513     7.6791    33.1853    4.32410    25.8957 194.346435  0.000e+00
     49.984     7.6485    33.2400    4.48316    25.9432 194.346505  0.000e+00
     51.853     7.6139    33.2252    4.45158    25.9365 194.346574  0.000e+00
     53.188     7.4989    33.3112    4.26421    26.0203 194.346644  0.000e+00
     54.256     7.4702    33.3237    4.20863    26.0343 194.346713  0.000e+00
     55.057     7.4395    33.3621    4.07334    26.0687 194.346782  0.000e+00
     55.858     7.4127    33.3748    3.86189    26.0825 194.346852  0.000e+00
     56.659     7.3780    33.4024    3.73827    26.1091 194.346921  0.000e+00
     57.460     7.3143    33.4854    3.56618    26.1833 194.346991  0.000e+00
     58.261     7.2935    33.4651    3.41151    26.1702 194.347060  0.000e+00
     59.061     7.2667    33.4706    3.26131    26.1783 194.347130  0.000e+00
     60.129     7.2428    33.4878    3.25185    26.1951 194.347199  0.000e+00
     61.197     7.2299    33.5071    3.24281    26.2121 194.347269  0.000e+00
     61.998     7.1990    33.4983    3.16323    26.2094 194.347338  0.000e+00
     63.066     7.1602    33.5245    2.96574    26.2354 194.347407  0.000e+00
     64.401     7.1213    33.5672    2.90848    26.2744 194.347477  0.000e+00
     65.202     7.1004    33.5670    2.87101    26.2771 194.347546  0.000e+00
     66.003     7.0775    33.5560    2.80690    26.2715 194.347616  0.000e+00
     66.804     7.0775    33.5794    2.70535    26.2901 194.347685  0.000e+00
     67.337     7.0306    33.5827    2.75041    26.2990 194.347755  0.000e+00
     67.604     7.0217    33.5821    2.60854    26.2998 194.347824  0.000e+00
     68.138     7.0097    33.6138    2.62334    26.3264 194.347894  0.000e+00
     68.672     6.9928    33.5915    2.53159    26.3111 194.347963  0.000e+00
     68.672     6.9718    33.6267    2.50981    26.3417 194.348032  0.000e+00
     69.206     6.9789    33.6178    2.53968    26.3337 194.348102  0.000e+00
     69.740     6.9559    33.6345    2.51507    26.3500 194.348171  0.000e+00
     70.007     6.9590    33.6388    2.51562    26.3530 194.348241  0.000e+00
     70.007     6.9650    33.6126    2.50318    26.3316 194.348310  0.000e+00
     70.541     6.9621    33.6227    2.50893    26.3399 194.348380  0.000e+00
     70.808     6.9831    33.5928    2.50070    26.3135 194.348449  0.000e+00
     71.342     6.9511    33.6423    2.49693    26.3568 194.348519  0.000e+00
     71.876     6.9472    33.6312    2.47728    26.3486 194.348588  0.000e+00
     72.143     6.9702    33.6399    2.47668    26.3523 194.348657  0.000e+00
     72.410     6.9663    33.6234    2.47237    26.3399 194.348727  0.000e+00
     72.944     6.9423    33.6392    2.45335    26.3556 194.348796  0.000e+00
     73.744     6.9253    33.6536    2.44731    26.3693 194.348866  0.000e+00
     75.079     6.9254    33.5571    2.44721    26.2932 194.348935  0.000e+00
     77.215     6.8553    33.6837    2.34455    26.4024 194.349005  0.000e+00
     78.283     6.8534    33.6944    2.31482    26.4111 194.349074  0.000e+00
     78.283     6.8955    33.6642    2.36153    26.3817 194.349144  0.000e+00
     78.016     6.8865    33.6732    2.39954    26.3900 194.349213  0.000e+00
     77.482     6.8786    33.6961    2.37491    26.4091 194.349282  0.000e+00
     77.215     6.8606    33.6973    2.34775    26.4124 194.349352  0.000e+00
     76.414     6.8576    33.6729    2.35158    26.3936 194.349421  0.000e+00
     75.880     6.8436    33.7110    2.33895    26.4255 194.349491  0.000e+00
     75.346     6.8377    33.7079    2.32936    26.4238 194.349560  0.000e+00
     74.812     6.8197    33.7425    2.32751    26.4535 194.349630  0.000e+00
     76.681     6.8738    33.5961    2.32267    26.3309 194.349699  0.000e+00
     79.350     6.8448    33.7194    2.32588    26.4320 194.349769  0.000e+00
     82.287     6.7676    33.7235    2.35387    26.4456 194.349838  0.000e+00
     82.821     6.8218    33.9199    2.35515    26.5931 194.349907  0.000e+00
     84.956     6.7467    33.8245    2.33232    26.5280 194.349977  0.000e+00
     87.092     6.6412    33.9091    2.17467    26.6089 194.350046  0.000e+00
     89.227     6.6754    33.9226    2.15858    26.6149 194.350116  0.000e+00
     90.295     6.6544    33.9523    2.18798    26.6411 194.350185  0.000e+00
     92.430     6.6192    33.8968    2.12881    26.6021 194.350255  0.000e+00
     93.765     6.6545    33.8687    2.11192    26.5753 194.350324  0.000e+00
     95.367     6.6706    33.8687    2.12591    26.5732 194.350394  0.000e+00
     96.701     6.6385    33.9148    2.14272    26.6138 194.350463  0.000e+00
